[(579, 585)]
[(944, 948), (955, 963), (1152, 1158), (1169, 1175), (1544, 1548), (1555, 1558), (1560, 1566)]
[(565, 573), (1145, 1149), (1289, 1293)]
[(729, 736), (1158, 1162), (1377, 1383), (1508, 1511), (1560, 1564), (1590, 1594), (1900, 1904), (4593, 4597), (4757, 4760)]
[(453, 459), (614, 619), (773, 776), (840, 848), (1171, 1175), (1386, 1391)]
[(413, 422), (537, 541), (770, 779), (1388, 1397), (1717, 1726)]
[(519, 524), (547, 553), (1114, 1118), (1431, 1437), (2008, 2013)]
[(403, 412), (849, 853), (1150, 1158), (1754, 1760)]
[(564, 572), (602, 606), (740, 745), (882, 887), (914, 917)]
[(388, 394), (588, 592), (633, 637), (824, 828), (877, 881), (1144, 1150), (1151, 1156), (1249, 1254), (1281, 1285), (2048, 2054), (2234, 2238), (2816, 2820), (2901, 2906), (3013, 3017)]
[(141, 145), (278, 282), (330, 334), (454, 458), (491, 495), (1344, 1351), (1560, 1565), (1969, 1973), (2109, 2113)]
[(88, 91), (173, 178), (575, 581)]
[(739, 743), (2013, 2020)]
[(82, 85), (275, 283), (478, 482)]
[(520, 523), (665, 668), (777, 784), (808, 811), (975, 978), (1172, 1175), (1887, 1893), (2173, 2179), (2209, 2213), (2339, 2343), (2834, 2837), (2975, 2982), (3220, 3223), (3888, 3891), (4246, 4249), (4505, 4512), (4867, 4871), (5227, 5234), (5399, 5402), (5740, 5747), (5956, 5962), (5994, 6002), (6107, 6110), (6894, 6901), (7349, 7356), (7557, 7564), (7727, 7730), (7745, 7748), (7980, 7984)]
[(526, 534), (705, 709), (967, 971), (1157, 1165), (1411, 1418), (3076, 3080), (3196, 3204), (3834, 3837), (4361, 4367), (6658, 6661), (6833, 6837), (7385, 7394), (7443, 7451), (7858, 7867), (7926, 7934)]
[(519, 523), (614, 620), (784, 788), (1472, 1478), (2182, 2185), (2333, 2337), (2479, 2483), (2514, 2518), (2970, 2976), (3115, 3119)]
[(200, 205), (340, 346), (453, 458), (663, 668), (739, 743), (814, 820), (927, 933), (938, 945), (946, 951), (958, 963), (998, 1006), (1012, 1018), (1055, 1059)]
[(240, 249), (464, 470), (521, 527), (739, 743), (744, 753), (850, 854), (855, 863), (1506, 1510), (1566, 1569)]
[(382, 390), (533, 537), (702, 709), (789, 793), (919, 923), (929, 934), (1080, 1086), (1164, 1171), (1177, 1181), (1369, 1373), (1431, 1435), (1440, 1445), (1465, 1470), (1544, 1549), (1884, 1892), (2010, 2016), (2191, 2195), (2417, 2424), (2717, 2721), (3141, 3145), (3355, 3362), (3429, 3433), (3439, 3443), (3476, 3480), (3518, 3522), (3528, 3532), (3568, 3574)]
[(207, 210), (324, 327), (523, 529), (903, 911)]
[(463, 469)]
[(380, 386), (466, 469), (623, 627), (629, 635), (715, 723), (846, 849)]
[(264, 270), (379, 383), (574, 579), (951, 955), (1275, 1279)]
[(578, 584), (743, 749), (1541, 1544), (1873, 1877), (2607, 2611), (3160, 3163), (3200, 3204), (3308, 3312), (3369, 3375)]
[(300, 306), (375, 381), (565, 571), (1177, 1183), (1358, 1364), (1803, 1806), (2293, 2297), (2448, 2452), (2554, 2562), (2590, 2596), (2628, 2632), (2871, 2875), (3084, 3090), (3209, 3213), (3337, 3341)]
[(463, 469), (482, 487), (563, 567), (1015, 1022), (1221, 1229), (1287, 1291), (1343, 1347), (1636, 1641), (1705, 1711), (2247, 2251), (2862, 2870), (3239, 3247), (3557, 3563), (3693, 3697)]
[(327, 332), (335, 341), (1174, 1177), (1472, 1476)]
[(354, 359), (542, 548), (926, 931), (988, 994), (1170, 1174), (1323, 1329), (1660, 1663), (1697, 1701), (1819, 1822), (1855, 1859), (1907, 1915), (1946, 1952), (2759, 2765), (2836, 2842), (2981, 2986), (3078, 3084), (3170, 3175), (3181, 3185), (3492, 3498), (3575, 3581), (3869, 3874), (3926, 3932)]
[(388, 396), (479, 486), (694, 701), (779, 782), (806, 809), (1027, 1034), (1155, 1158), (1261, 1264), (1330, 1334), (1466, 1474)]
[(316, 321), (509, 512)]
[(419, 425), (1264, 1273)]
[(443, 450), (950, 953)]
[(780, 784), (1020, 1028), (1196, 1199), (1465, 1468), (1700, 1706), (2046, 2050)]
[(340, 344), (402, 405), (489, 493), (600, 603)]
[(156, 160), (352, 356), (412, 419), (502, 505), (649, 655), (823, 827)]
[(97, 104), (213, 218), (400, 407), (522, 527), (1023, 1026), (1945, 1949)]
[(214, 221), (563, 570), (599, 605), (797, 802), (879, 884), (1065, 1070), (1095, 1102), (1103, 1109), (1184, 1189), (1199, 1203), (1329, 1333), (1453, 1459), (1653, 1658), (1984, 1988), (2116, 2120), (2615, 2622), (2676, 2680), (2785, 2791), (2795, 2803), (2873, 2878), (2897, 2902), (2938, 2943), (2990, 2995), (3427, 3431), (3450, 3455), (3939, 3945), (4415, 4422), (5315, 5321), (5409, 5414), (5435, 5443), (5478, 5484), (5816, 5823)]
[(316, 322), (327, 335), (538, 544), (618, 626), (895, 903), (923, 927), (1104, 1110), (1393, 1396), (1480, 1486), (1555, 1558), (1586, 1589), (1657, 1664)]
[(360, 368), (369, 376), (534, 538), (1315, 1319)]
[(415, 423), (479, 483), (910, 915), (1141, 1145), (1983, 1990)]
[(336, 344), (346, 351), (393, 397), (459, 463), (1719, 1722), (1865, 1868)]
[]
[(82, 85), (509, 515), (710, 714), (962, 968)]
[]
[(129, 132), (488, 494), (541, 550), (663, 667)]
[(337, 341), (386, 389), (436, 439)]
[(354, 358)]
[(3477, 3480), (3488, 3494)]
[(204, 210), (211, 214), (509, 512), (568, 572)]
[(19, 26), (28, 36), (90, 97), (136, 143), (144, 152), (179, 186), (188, 196), (698, 704), (722, 731), (1234, 1240), (1624, 1628), (1984, 1990), (2242, 2248)]
[(338, 341), (402, 406), (508, 515), (528, 531), (607, 610)]
[(396, 400), (985, 989), (1126, 1132), (1242, 1246), (1876, 1880), (2232, 2236), (2806, 2810)]
[(198, 202), (278, 284)]
[(847, 850), (1167, 1171), (1391, 1394), (1694, 1698), (2395, 2398), (2559, 2562), (3456, 3459), (4009, 4015), (4241, 4244), (4614, 4617), (5867, 5871), (5880, 5886), (8570, 8573), (9155, 9160), (9668, 9672), (9860, 9863), (10211, 10216)]
[(482, 486)]
[(1539, 1543)]
[(853, 857), (885, 888), (913, 920), (1006, 1010), (1091, 1094), (1253, 1257)]
[(485, 488), (569, 577)]
[]
[(478, 486)]
[(450, 454), (551, 556), (662, 669), (772, 776), (1019, 1024), (1204, 1207)]
[(520, 524)]